αριθμητικη αναλυση
συστηματα μικρουπολογιστων
στοχαστικα συστηματα επικοινωνιες
προηγμενα αρχιτεκτονικης υπολογιστων
φυσικη ιι ηλεκτρομαγνητισμος
μηχανικη κινηματικη δυναμικη του στερεου σωματος
εισαγωγη στις τηλεπικοινωνιες
θεωρια δικτυων κυκλωματων
ηλεκτρονικη ιι
μαθηματικη αναλυση συναρ πολλων μεταβλ αναλ
δικτυακος προγραμματισμος
ηλεκτρομαγνητικα πεδια α
ηλεκτρονικη ι
αναλυση γραμμικων κυκλωματων
ηλεκτρικη οικονομια
σχεδιαση συστηματων αυτοματου ελεγχου
κυματικη κβαντικη φυσικη
αναλυση σηε ασυμμετρες μεταβατικες καταστασεις
οικονομικη αναλυση επιχειρησεων
ηλεκτρικες μηχανες ι
προγραμματιστικες τεχνικες
 [[0, 0, 0], [0, 0, 0], [0, 0, 0], [0, 0, 0], [0, 0, 0], [0, 0, 0], [0, 0, 0], [0, 0, 0], [0, 0, 0], [0, 0, 0], [0, 0, 0], [11, 2, 2019], [11, 2, 2019], [11, 2, 2019], [11, 2, 2019], [11, 2, 2019], [11, 2, 2019], [11, 2, 2019], [11, 2, 2019], [11, 2, 2019], [11, 2, 2019], [11, 2, 2019], [11, 2, 2019], [12, 2, 2019], [12, 2, 2019], [12, 2, 2019], [12, 2, 2019], [12, 2, 2019], [12, 2, 2019], [12, 2, 2019], [12, 2, 2019], [12, 2, 2019], [12, 2, 2019], [12, 2, 2019], [12, 2, 2019], [12, 2, 2019], [13, 2, 2019], [13, 2, 2019], [13, 2, 2019], [13, 2, 2019], [13, 2, 2019], [13, 2, 2019], [13, 2, 2019], [13, 2, 2019], [13, 2, 2019], [13, 2, 2019], [13, 2, 2019], [13, 2, 2019], [14, 2, 2019], [14, 2, 2019], [14, 2, 2019], [14, 2, 2019], [14, 2, 2019], [14, 2, 2019], [14, 2, 2019], [14, 2, 2019], [14, 2, 2019], [14, 2, 2019], [14, 2, 2019], [14, 2, 2019], [15, 2, 2019], [15, 2, 2019], [15, 2, 2019], [15, 2, 2019], [15, 2, 2019], [15, 2, 2019], [15, 2, 2019], [15, 2, 2019], [15, 2, 2019], [15, 2, 2019], [15, 2, 2019], [15, 2, 2019], [15, 2, 2019], [15, 2, 2019], [18, 2, 2019], [18, 2, 2019], [18, 2, 2019], [18, 2, 2019], [18, 2, 2019], [18, 2, 2019], [18, 2, 2019], [18, 2, 2019], [18, 2, 2019], [18, 2, 2019], [18, 2, 2019], [19, 2, 2019], [19, 2, 2019], [19, 2, 2019], [19, 2, 2019], [19, 2, 2019], [19, 2, 2019], [19, 2, 2019], [19, 2, 2019], [19, 2, 2019], [19, 2, 2019], [19, 2, 2019], [19, 2, 2019], [20, 2, 2019], [20, 2, 2019], [20, 2, 2019], [20, 2, 2019], [20, 2, 2019], [20, 2, 2019], [20, 2, 2019], [20, 2, 2019], [20, 2, 2019], [20, 2, 2019], [20, 2, 2019], [21, 2, 2019], [21, 2, 2019], [21, 2, 2019], [21, 2, 2019], [21, 2, 2019], [21, 2, 2019], [21, 2, 2019], [21, 2, 2019], [21, 2, 2019], [21, 2, 2019], [21, 2, 2019], [21, 2, 2019], [22, 2, 2019], [22, 2, 2019], [22, 2, 2019], [22, 2, 2019], [22, 2, 2019], [22, 2, 2019], [22, 2, 2019], [22, 2, 2019], [22, 2, 2019], [22, 2, 2019], [22, 2, 2019], [22, 2, 2019], [22, 2, 2019], [25, 2, 2019], [25, 2, 2019], [25, 2, 2019], [25, 2, 2019], [25, 2, 2019], [25, 2, 2019], [25, 2, 2019], [25, 2, 2019], [25, 2, 2019], [25, 2, 2019], [25, 2, 2019], [26, 2, 2019], [26, 2, 2019], [26, 2, 2019], [26, 2, 2019], [26, 2, 2019], [26, 2, 2019], [26, 2, 2019], [26, 2, 2019], [26, 2, 2019], [26, 2, 2019], [26, 2, 2019], [26, 2, 2019], [27, 2, 2019], [27, 2, 2019], [27, 2, 2019], [27, 2, 2019], [27, 2, 2019], [27, 2, 2019], [27, 2, 2019], [27, 2, 2019], [27, 2, 2019], [27, 2, 2019], [27, 2, 2019], [27, 2, 2019], [27, 2, 2019], [27, 2, 2019], [27, 2, 2019], [27, 2, 2019], [27, 2, 2019], [28, 2, 2019], [28, 2, 2019], [28, 2, 2019], [28, 2, 2019], [28, 2, 2019], [28, 2, 2019], [28, 2, 2019], [28, 2, 2019], [28, 2, 2019], [28, 2, 2019], [28, 2, 2019], [1, 3, 2019], [1, 3, 2019], [1, 3, 2019], [1, 3, 2019], [1, 3, 2019], [1, 3, 2019], [1, 3, 2019], [1, 3, 2019], [1, 3, 2019], [1, 3, 2019], [1, 3, 2019], [1, 3, 2019], [21, 12, 2018], [21, 12, 2018], [21, 12, 2018], [21, 12, 2018], [21, 12, 2018], [21, 12, 2018], [21, 12, 2018], [21, 12, 2018]]
